0 0 0 0 0 1 0 1LU
1 111 0 0 0 0 0 1U
1 0 0 0 0 0 0 1U
1 0 0 0 0 0 0 1U
1 0 0 0 0 0 0 1U
1 0 0 0 0 0 0 1U
1 118 0 0 0 0 0 1U
0 0 0 0 0 0 1 1RU
0 0 0 0 0 1 0 1L
1 121 0 0 0 0 0 0
1 0 0 0 0 0 0 0
1 0 0 0 0 0 0 0
1 0 0 0 0 0 0 0
1 0 0 0 0 0 0 0
1 0 0 0 0 0 0 0
1 118 0 0 0 0 0 1R
0 0 0 0 0 1 0 1L
1 131 0 0 0 0 0 0
1 0 0 0 0 0 0 0
1 0 0 0 0 0 0 0
1 0 0 0 0 0 0 0
1 0 0 0 0 0 0 0
1 0 0 0 0 0 0 0
1 0 0 0 0 0 0 1R
0 0 0 0 0 1 0 1L
1 141 0 0 0 0 0 0
1 0 0 0 0 0 0 0
1 154 0 0 0 0 0 0
1 145 0 0 0 0 0 0
1 0 0 0 0 0 0 0
1 0 0 0 0 0 0 0
1 0 0 0 0 0 0 1R
0 0 0 0 0 1 0 1L
1 151 0 0 0 0 0 0
1 154 0 0 0 0 0 0
1 0 0 0 0 1 0 0
1 0 0 0 0 1 0 0
1 155 0 0 0 0 0 0
1 0 0 0 0 0 0 0
1 0 0 0 0 0 0 1R
0 0 0 0 0 1 0 1L
1 161 0 0 0 0 0 0
1 0 0 0 0 0 0 0
1 154 0 0 0 0 0 0
1 155 0 0 0 0 0 0
1 0 0 0 0 0 0 0
1 0 0 0 0 0 0 0
1 0 0 0 0 0 0 1R
0 0 0 0 0 1 0 1L
1 171 0 0 0 0 0 0
1 0 0 0 0 0 0 0
1 184 0 0 0 0 0 0
1 185 0 0 0 0 0 0
1 186 0 0 0 0 0 0
1 187 0 0 0 0 0 0
1 188 0 0 0 0 0 1R
0 0 0 0 0 1 0 1DL
1 181 0 0 0 0 0 1D
1 184 0 0 0 0 0 1D
0 0 0 0 0 1 0 1D
0 0 0 0 0 1 0 1D
0 0 0 0 0 1 0 1D
0 0 0 0 0 1 0 1D
0 0 0 0 0 1 0 1DR
.