1 0 0 0 0 0 1LU
0 0 0 1V1 0 0 1U
1 0 0 0 0 0 1U
1 0 0 0 0 0 1U
1 0 0 0 0 0 1U
1 0 0 0 0 0 1U
1 0 0 0 0 0 1U
1 0 0 0 0 0 1UR
0 0 0 1V1 0 0 1L
0 0 1V1# 0 0 0 0
0 0 0 1V1 0 0 0
1 0 0 0 0 0 0
1 0 0 0 0 0 0
0 0 0 1V2 0 0 0
0 0 1V2# 0 0 0 0
0 0 0 1V2 0 0 1R
1 0 0 0 0 0 1L
0 0 0 1V1 0 0 0
1 0 0 0 0 0 0
1 0 0 0 0 0 0
1 0 0 0 0 0 0
1 0 0 0 0 0 0
1 0 0 0 0 0 0
1 0 0 0 0 0 1R
1 0 0 0 0 0 1L
1 0 0 0 0 0 0
1 0 0 0 0 0 0
1 0 0 0 0 0 0
1 0 0 0 0 0 0
1 0 0 0 0 0 0
1 0 0 0 0 0 0
1 0 0 0 0 0 1R
1 0 0 0 0 0 1L
1 0 0 0 0 0 0
1 0 0 0 0 0 0
1 0 0 0 0 0 0
1 0 0 0 0 0 0
1 0 0 0 0 0 0
1 0 0 0 0 0 0
1 1 0 0 0 0 1R
1 0 0 0 0 0 1L
0 0 0 1V3 0 0 0
1 0 0 0 0 0 0
1 0 0 0 0 0 0
1 0 0 0 0 0 0
1 0 0 0 0 0 0
1 0 0 0 0 0 0
1 0 0 0 0 0 1R
0 0 0 1V3 0 0 1L
0 0 1V3# 0 0 0 0
0 0 0 1V3 0 0 0
1 0 0 0 0 0 0
1 0 0 0 0 0 0
0 0 0 1V4 0 0 0
0 0 1V4# 0 0 0 0
0 0 0 1V4 0 0 1R
1 0 0 0 0 0 1DL
0 0 0 1V3 0 0 1D
1 0 0 0 0 0 1D
1 0 0 0 0 0 1D
1 0 0 0 0 0 1D
1 0 0 0 0 0 1D
1 0 0 0 0 0 1D
1 0 0 0 0 0 1R
.